{
 "cells": [
  {
   "cell_type": "markdown",
   "metadata": {},
   "source": [
    "### Imports"
   ]
  },
  {
   "cell_type": "code",
   "execution_count": 43,
   "metadata": {},
   "outputs": [
    {
     "data": {
      "text/html": [
       "<script>requirejs.config({paths: { 'plotly': ['https://cdn.plot.ly/plotly-latest.min']},});if(!window.Plotly) {{require(['plotly'],function(plotly) {window.Plotly=plotly;});}}</script>"
      ],
      "text/vnd.plotly.v1+html": [
       "<script>requirejs.config({paths: { 'plotly': ['https://cdn.plot.ly/plotly-latest.min']},});if(!window.Plotly) {{require(['plotly'],function(plotly) {window.Plotly=plotly;});}}</script>"
      ]
     },
     "metadata": {},
     "output_type": "display_data"
    }
   ],
   "source": [
    "import numpy as np\n",
    "import pandas as pd\n",
    "\n",
    "import matplotlib.pyplot as plt\n",
    "import seaborn as sns\n",
    "%matplotlib inline\n",
    "sns.set()\n",
    "\n",
    "### Plotly\n",
    "from plotly.offline import init_notebook_mode, iplot\n",
    "import plotly.graph_objs as go\n",
    "import plotly.figure_factory as ff\n",
    "import plotly.plotly as py\n",
    "from plotly import tools\n",
    "init_notebook_mode(connected=True)\n",
    "\n",
    "# Altair\n",
    "import altair as alt\n",
    "alt.renderers.enable('notebook')\n",
    "\n",
    "### Removes warnings that occassionally show up\n",
    "import warnings\n",
    "warnings.filterwarnings('ignore')"
   ]
  },
  {
   "cell_type": "markdown",
   "metadata": {},
   "source": [
    "### Load Data"
   ]
  },
  {
   "cell_type": "code",
   "execution_count": 3,
   "metadata": {},
   "outputs": [
    {
     "name": "stdout",
     "output_type": "stream",
     "text": [
      "Categorical columns:\n",
      "\n",
      "Numerical columns:\n",
      "Id --- Elevation --- Aspect --- Slope --- Horizontal_Distance_To_Hydrology --- Vertical_Distance_To_Hydrology --- Horizontal_Distance_To_Roadways --- Hillshade_9am --- Hillshade_Noon --- Hillshade_3pm --- Horizontal_Distance_To_Fire_Points --- Wilderness_Area1 --- Wilderness_Area2 --- Wilderness_Area3 --- Wilderness_Area4 --- Soil_Type1 --- Soil_Type2 --- Soil_Type3 --- Soil_Type4 --- Soil_Type5 --- Soil_Type6 --- Soil_Type7 --- Soil_Type8 --- Soil_Type9 --- Soil_Type10 --- Soil_Type11 --- Soil_Type12 --- Soil_Type13 --- Soil_Type14 --- Soil_Type15 --- Soil_Type16 --- Soil_Type17 --- Soil_Type18 --- Soil_Type19 --- Soil_Type20 --- Soil_Type21 --- Soil_Type22 --- Soil_Type23 --- Soil_Type24 --- Soil_Type25 --- Soil_Type26 --- Soil_Type27 --- Soil_Type28 --- Soil_Type29 --- Soil_Type30 --- Soil_Type31 --- Soil_Type32 --- Soil_Type33 --- Soil_Type34 --- Soil_Type35 --- Soil_Type36 --- Soil_Type37 --- Soil_Type38 --- Soil_Type39 --- Soil_Type40 --- Cover_Type\n",
      "\n",
      "Shape of train: (15120, 56)\n",
      "Shape of test: (565892, 55)\n"
     ]
    }
   ],
   "source": [
    "DATA_PATH = \"../../data/Forest-Cover/\"\n",
    "\n",
    "train = pd.read_csv(DATA_PATH + \"train.csv\")\n",
    "test  = pd.read_csv(DATA_PATH + \"test.csv\")\n",
    "\n",
    "cat_columns = [col for col in train.columns if train[col].dtype == object]\n",
    "print(\"Categorical columns:\")\n",
    "print(\" --- \".join(cat_columns))\n",
    "\n",
    "### Numerical columns\n",
    "num_columns = [col for col in train.columns if train[col].dtype != object]\n",
    "print(\"Numerical columns:\")\n",
    "print(\" --- \".join(num_columns))\n",
    "print()\n",
    "print(\"Shape of train:\", train.shape)\n",
    "print(\"Shape of test:\",  test.shape)"
   ]
  },
  {
   "cell_type": "markdown",
   "metadata": {},
   "source": [
    "### Split into id, target, and predictors"
   ]
  },
  {
   "cell_type": "code",
   "execution_count": 9,
   "metadata": {
    "collapsed": true
   },
   "outputs": [],
   "source": [
    "train_y = train[\"Cover_Type\"]\n",
    "train_id = train[\"Id\"]\n",
    "train_x = train.drop([\"Cover_Type\", \"Id\"], axis=1)\n",
    "\n",
    "test_id = test[\"Id\"]\n",
    "test_x  = test.drop(\"Id\", axis=1)\n",
    "\n",
    "full    = pd.concat([train_x, test_x])\n",
    "train_N = len(train_x)"
   ]
  },
  {
   "cell_type": "markdown",
   "metadata": {},
   "source": [
    "### Train/Test size difference"
   ]
  },
  {
   "cell_type": "code",
   "execution_count": 7,
   "metadata": {},
   "outputs": [
    {
     "data": {
      "application/vnd.plotly.v1+json": {
       "data": [
        {
         "hoverinfo": "label+percent",
         "labels": [
          "Train",
          "Test"
         ],
         "marker": {
          "line": {
           "color": "black",
           "width": 2
          }
         },
         "textfont": {
          "size": 20
         },
         "textinfo": "value",
         "type": "pie",
         "values": [
          15120,
          565892
         ]
        }
       ],
       "layout": {
        "title": "Train/Test size difference"
       }
      },
      "text/html": [
       "<div id=\"e15bf5b8-24c2-431d-a880-73985fb9bfc3\" style=\"height: 525px; width: 100%;\" class=\"plotly-graph-div\"></div><script type=\"text/javascript\">require([\"plotly\"], function(Plotly) { window.PLOTLYENV=window.PLOTLYENV || {};window.PLOTLYENV.BASE_URL=\"https://plot.ly\";Plotly.newPlot(\"e15bf5b8-24c2-431d-a880-73985fb9bfc3\", [{\"type\": \"pie\", \"labels\": [\"Train\", \"Test\"], \"values\": [15120, 565892], \"hoverinfo\": \"label+percent\", \"textinfo\": \"value\", \"textfont\": {\"size\": 20}, \"marker\": {\"line\": {\"color\": \"black\", \"width\": 2}}}], {\"title\": \"Train/Test size difference\"}, {\"showLink\": true, \"linkText\": \"Export to plot.ly\"})});</script>"
      ],
      "text/vnd.plotly.v1+html": [
       "<div id=\"e15bf5b8-24c2-431d-a880-73985fb9bfc3\" style=\"height: 525px; width: 100%;\" class=\"plotly-graph-div\"></div><script type=\"text/javascript\">require([\"plotly\"], function(Plotly) { window.PLOTLYENV=window.PLOTLYENV || {};window.PLOTLYENV.BASE_URL=\"https://plot.ly\";Plotly.newPlot(\"e15bf5b8-24c2-431d-a880-73985fb9bfc3\", [{\"type\": \"pie\", \"labels\": [\"Train\", \"Test\"], \"values\": [15120, 565892], \"hoverinfo\": \"label+percent\", \"textinfo\": \"value\", \"textfont\": {\"size\": 20}, \"marker\": {\"line\": {\"color\": \"black\", \"width\": 2}}}], {\"title\": \"Train/Test size difference\"}, {\"showLink\": true, \"linkText\": \"Export to plot.ly\"})});</script>"
      ]
     },
     "metadata": {},
     "output_type": "display_data"
    }
   ],
   "source": [
    "temp = pd.DataFrame({\"Dataset\": [\"Train\", \"Test\"], \"Number of Records\": [train.shape[0], test.shape[0]]})\n",
    "\n",
    "trace = go.Pie(labels=temp[\"Dataset\"], values=temp[\"Number of Records\"],\n",
    "               hoverinfo='label+percent', textinfo='value', \n",
    "               textfont=dict(size=20),\n",
    "               marker=dict(line=dict(color=\"black\", width=2)))\n",
    "\n",
    "layout = go.Layout(\n",
    "    title = \"Train/Test size difference\",\n",
    ")\n",
    "\n",
    "fig = go.Figure(data=[trace], layout=layout)\n",
    "iplot(fig);"
   ]
  },
  {
   "cell_type": "markdown",
   "metadata": {},
   "source": [
    "### Target: Cover_Type\n",
    "\n",
    "Nice, seems very boring"
   ]
  },
  {
   "cell_type": "code",
   "execution_count": 13,
   "metadata": {},
   "outputs": [
    {
     "data": {
      "application/vnd.plotly.v1+json": {
       "data": [
        {
         "type": "bar",
         "x": [
          7,
          6,
          5,
          4,
          3,
          2,
          1
         ],
         "y": [
          2160,
          2160,
          2160,
          2160,
          2160,
          2160,
          2160
         ]
        }
       ],
       "layout": {
        "title": "Cover Type shown in Train",
        "yaxis": {
         "title": "Count"
        }
       }
      },
      "text/html": [
       "<div id=\"58097cbb-01f7-447d-9c0c-adec080554d0\" style=\"height: 525px; width: 100%;\" class=\"plotly-graph-div\"></div><script type=\"text/javascript\">require([\"plotly\"], function(Plotly) { window.PLOTLYENV=window.PLOTLYENV || {};window.PLOTLYENV.BASE_URL=\"https://plot.ly\";Plotly.newPlot(\"58097cbb-01f7-447d-9c0c-adec080554d0\", [{\"type\": \"bar\", \"x\": [7, 6, 5, 4, 3, 2, 1], \"y\": [2160, 2160, 2160, 2160, 2160, 2160, 2160]}], {\"title\": \"Cover Type shown in Train\", \"yaxis\": {\"title\": \"Count\"}}, {\"showLink\": true, \"linkText\": \"Export to plot.ly\"})});</script>"
      ],
      "text/vnd.plotly.v1+html": [
       "<div id=\"58097cbb-01f7-447d-9c0c-adec080554d0\" style=\"height: 525px; width: 100%;\" class=\"plotly-graph-div\"></div><script type=\"text/javascript\">require([\"plotly\"], function(Plotly) { window.PLOTLYENV=window.PLOTLYENV || {};window.PLOTLYENV.BASE_URL=\"https://plot.ly\";Plotly.newPlot(\"58097cbb-01f7-447d-9c0c-adec080554d0\", [{\"type\": \"bar\", \"x\": [7, 6, 5, 4, 3, 2, 1], \"y\": [2160, 2160, 2160, 2160, 2160, 2160, 2160]}], {\"title\": \"Cover Type shown in Train\", \"yaxis\": {\"title\": \"Count\"}}, {\"showLink\": true, \"linkText\": \"Export to plot.ly\"})});</script>"
      ]
     },
     "metadata": {},
     "output_type": "display_data"
    }
   ],
   "source": [
    "vc = train_y.value_counts()\n",
    "\n",
    "trace = go.Bar(\n",
    "    x=vc.index,\n",
    "    y=vc.values,\n",
    ")\n",
    "\n",
    "layout = go.Layout(\n",
    "    title   = \"Cover Type shown in Train\",\n",
    "    yaxis   = dict(title = \"Count\")\n",
    ")\n",
    "\n",
    "fig = go.Figure(data=[trace], layout=layout)\n",
    "iplot(fig);"
   ]
  },
  {
   "cell_type": "markdown",
   "metadata": {},
   "source": [
    "### Correlation Plot"
   ]
  },
  {
   "cell_type": "code",
   "execution_count": 42,
   "metadata": {},
   "outputs": [
    {
     "data": {
      "application/vnd.plotly.v1+json": {
       "data": [
        {
         "type": "heatmap",
         "x": [
          "Elevation",
          "Aspect",
          "Slope",
          "Horizontal_Distance_To_Hydrology",
          "Vertical_Distance_To_Hydrology",
          "Horizontal_Distance_To_Roadways",
          "Hillshade_9am",
          "Hillshade_Noon",
          "Hillshade_3pm",
          "Horizontal_Distance_To_Fire_Points",
          "Wilderness_Area1",
          "Wilderness_Area2",
          "Wilderness_Area3",
          "Wilderness_Area4"
         ],
         "y": [
          "Elevation",
          "Aspect",
          "Slope",
          "Horizontal_Distance_To_Hydrology",
          "Vertical_Distance_To_Hydrology",
          "Horizontal_Distance_To_Roadways",
          "Hillshade_9am",
          "Hillshade_Noon",
          "Hillshade_3pm",
          "Horizontal_Distance_To_Fire_Points",
          "Wilderness_Area1",
          "Wilderness_Area2",
          "Wilderness_Area3",
          "Wilderness_Area4"
         ],
         "z": [
          [
           1,
           0.016,
           -0.243,
           0.306,
           0.093,
           0.366,
           0.112,
           0.206,
           0.059,
           0.148,
           0.132,
           0.238,
           0.067,
           -0.619
          ],
          [
           0.016,
           1,
           0.079,
           0.017,
           0.07,
           0.025,
           -0.579,
           0.336,
           0.647,
           -0.109,
           -0.14,
           0.056,
           0.075,
           0.083
          ],
          [
           -0.243,
           0.079,
           1,
           -0.011,
           0.275,
           -0.216,
           -0.327,
           -0.527,
           -0.176,
           -0.186,
           -0.235,
           -0.036,
           0.126,
           0.256
          ],
          [
           0.306,
           0.017,
           -0.011,
           1,
           0.606,
           0.072,
           -0.027,
           0.047,
           0.052,
           0.052,
           -0.097,
           0.056,
           0.122,
           -0.1
          ],
          [
           0.093,
           0.07,
           0.275,
           0.606,
           1,
           -0.046,
           -0.166,
           -0.111,
           0.035,
           -0.07,
           -0.181,
           -0.009,
           0.147,
           0.078
          ],
          [
           0.366,
           0.025,
           -0.216,
           0.072,
           -0.046,
           1,
           0.034,
           0.189,
           0.106,
           0.332,
           0.454,
           -0.2,
           -0.233,
           -0.27
          ],
          [
           0.112,
           -0.579,
           -0.327,
           -0.027,
           -0.166,
           0.034,
           1,
           0.01,
           -0.78,
           0.133,
           0.201,
           -0.006,
           -0.101,
           -0.2
          ],
          [
           0.206,
           0.336,
           -0.527,
           0.047,
           -0.111,
           0.189,
           0.01,
           1,
           0.594,
           0.057,
           0.029,
           0.042,
           0.049,
           -0.196
          ],
          [
           0.059,
           0.647,
           -0.176,
           0.052,
           0.035,
           0.106,
           -0.78,
           0.594,
           1,
           -0.048,
           -0.115,
           0.035,
           0.091,
           0.019
          ],
          [
           0.148,
           -0.109,
           -0.186,
           0.052,
           -0.07,
           0.332,
           0.133,
           0.057,
           -0.048,
           1,
           0.381,
           0.027,
           -0.278,
           -0.237
          ],
          [
           0.132,
           -0.14,
           -0.235,
           -0.097,
           -0.181,
           0.454,
           0.201,
           0.029,
           -0.115,
           0.381,
           1,
           -0.21,
           -0.794,
           -0.235
          ],
          [
           0.238,
           0.056,
           -0.036,
           0.056,
           -0.009,
           -0.2,
           -0.006,
           0.042,
           0.035,
           0.027,
           -0.21,
           1,
           -0.205,
           -0.061
          ],
          [
           0.067,
           0.075,
           0.126,
           0.122,
           0.147,
           -0.233,
           -0.101,
           0.049,
           0.091,
           -0.278,
           -0.794,
           -0.205,
           1,
           -0.229
          ],
          [
           -0.619,
           0.083,
           0.256,
           -0.1,
           0.078,
           -0.27,
           -0.2,
           -0.196,
           0.019,
           -0.237,
           -0.235,
           -0.061,
           -0.229,
           1
          ]
         ]
        }
       ],
       "layout": {
        "title": "Correlation plots"
       }
      },
      "text/html": [
       "<div id=\"5886edc1-34be-40d0-aa69-6716c6716bc8\" style=\"height: 525px; width: 100%;\" class=\"plotly-graph-div\"></div><script type=\"text/javascript\">require([\"plotly\"], function(Plotly) { window.PLOTLYENV=window.PLOTLYENV || {};window.PLOTLYENV.BASE_URL=\"https://plot.ly\";Plotly.newPlot(\"5886edc1-34be-40d0-aa69-6716c6716bc8\", [{\"type\": \"heatmap\", \"x\": [\"Elevation\", \"Aspect\", \"Slope\", \"Horizontal_Distance_To_Hydrology\", \"Vertical_Distance_To_Hydrology\", \"Horizontal_Distance_To_Roadways\", \"Hillshade_9am\", \"Hillshade_Noon\", \"Hillshade_3pm\", \"Horizontal_Distance_To_Fire_Points\", \"Wilderness_Area1\", \"Wilderness_Area2\", \"Wilderness_Area3\", \"Wilderness_Area4\"], \"y\": [\"Elevation\", \"Aspect\", \"Slope\", \"Horizontal_Distance_To_Hydrology\", \"Vertical_Distance_To_Hydrology\", \"Horizontal_Distance_To_Roadways\", \"Hillshade_9am\", \"Hillshade_Noon\", \"Hillshade_3pm\", \"Horizontal_Distance_To_Fire_Points\", \"Wilderness_Area1\", \"Wilderness_Area2\", \"Wilderness_Area3\", \"Wilderness_Area4\"], \"z\": [[1.0, 0.016, -0.243, 0.306, 0.093, 0.366, 0.112, 0.206, 0.059, 0.148, 0.132, 0.238, 0.067, -0.619], [0.016, 1.0, 0.079, 0.017, 0.07, 0.025, -0.579, 0.336, 0.647, -0.109, -0.14, 0.056, 0.075, 0.083], [-0.243, 0.079, 1.0, -0.011, 0.275, -0.216, -0.327, -0.527, -0.176, -0.186, -0.235, -0.036, 0.126, 0.256], [0.306, 0.017, -0.011, 1.0, 0.606, 0.072, -0.027, 0.047, 0.052, 0.052, -0.097, 0.056, 0.122, -0.1], [0.093, 0.07, 0.275, 0.606, 1.0, -0.046, -0.166, -0.111, 0.035, -0.07, -0.181, -0.009, 0.147, 0.078], [0.366, 0.025, -0.216, 0.072, -0.046, 1.0, 0.034, 0.189, 0.106, 0.332, 0.454, -0.2, -0.233, -0.27], [0.112, -0.579, -0.327, -0.027, -0.166, 0.034, 1.0, 0.01, -0.78, 0.133, 0.201, -0.006, -0.101, -0.2], [0.206, 0.336, -0.527, 0.047, -0.111, 0.189, 0.01, 1.0, 0.594, 0.057, 0.029, 0.042, 0.049, -0.196], [0.059, 0.647, -0.176, 0.052, 0.035, 0.106, -0.78, 0.594, 1.0, -0.048, -0.115, 0.035, 0.091, 0.019], [0.148, -0.109, -0.186, 0.052, -0.07, 0.332, 0.133, 0.057, -0.048, 1.0, 0.381, 0.027, -0.278, -0.237], [0.132, -0.14, -0.235, -0.097, -0.181, 0.454, 0.201, 0.029, -0.115, 0.381, 1.0, -0.21, -0.794, -0.235], [0.238, 0.056, -0.036, 0.056, -0.009, -0.2, -0.006, 0.042, 0.035, 0.027, -0.21, 1.0, -0.205, -0.061], [0.067, 0.075, 0.126, 0.122, 0.147, -0.233, -0.101, 0.049, 0.091, -0.278, -0.794, -0.205, 1.0, -0.229], [-0.619, 0.083, 0.256, -0.1, 0.078, -0.27, -0.2, -0.196, 0.019, -0.237, -0.235, -0.061, -0.229, 1.0]]}], {\"title\": \"Correlation plots\"}, {\"showLink\": true, \"linkText\": \"Export to plot.ly\"})});</script>"
      ],
      "text/vnd.plotly.v1+html": [
       "<div id=\"5886edc1-34be-40d0-aa69-6716c6716bc8\" style=\"height: 525px; width: 100%;\" class=\"plotly-graph-div\"></div><script type=\"text/javascript\">require([\"plotly\"], function(Plotly) { window.PLOTLYENV=window.PLOTLYENV || {};window.PLOTLYENV.BASE_URL=\"https://plot.ly\";Plotly.newPlot(\"5886edc1-34be-40d0-aa69-6716c6716bc8\", [{\"type\": \"heatmap\", \"x\": [\"Elevation\", \"Aspect\", \"Slope\", \"Horizontal_Distance_To_Hydrology\", \"Vertical_Distance_To_Hydrology\", \"Horizontal_Distance_To_Roadways\", \"Hillshade_9am\", \"Hillshade_Noon\", \"Hillshade_3pm\", \"Horizontal_Distance_To_Fire_Points\", \"Wilderness_Area1\", \"Wilderness_Area2\", \"Wilderness_Area3\", \"Wilderness_Area4\"], \"y\": [\"Elevation\", \"Aspect\", \"Slope\", \"Horizontal_Distance_To_Hydrology\", \"Vertical_Distance_To_Hydrology\", \"Horizontal_Distance_To_Roadways\", \"Hillshade_9am\", \"Hillshade_Noon\", \"Hillshade_3pm\", \"Horizontal_Distance_To_Fire_Points\", \"Wilderness_Area1\", \"Wilderness_Area2\", \"Wilderness_Area3\", \"Wilderness_Area4\"], \"z\": [[1.0, 0.016, -0.243, 0.306, 0.093, 0.366, 0.112, 0.206, 0.059, 0.148, 0.132, 0.238, 0.067, -0.619], [0.016, 1.0, 0.079, 0.017, 0.07, 0.025, -0.579, 0.336, 0.647, -0.109, -0.14, 0.056, 0.075, 0.083], [-0.243, 0.079, 1.0, -0.011, 0.275, -0.216, -0.327, -0.527, -0.176, -0.186, -0.235, -0.036, 0.126, 0.256], [0.306, 0.017, -0.011, 1.0, 0.606, 0.072, -0.027, 0.047, 0.052, 0.052, -0.097, 0.056, 0.122, -0.1], [0.093, 0.07, 0.275, 0.606, 1.0, -0.046, -0.166, -0.111, 0.035, -0.07, -0.181, -0.009, 0.147, 0.078], [0.366, 0.025, -0.216, 0.072, -0.046, 1.0, 0.034, 0.189, 0.106, 0.332, 0.454, -0.2, -0.233, -0.27], [0.112, -0.579, -0.327, -0.027, -0.166, 0.034, 1.0, 0.01, -0.78, 0.133, 0.201, -0.006, -0.101, -0.2], [0.206, 0.336, -0.527, 0.047, -0.111, 0.189, 0.01, 1.0, 0.594, 0.057, 0.029, 0.042, 0.049, -0.196], [0.059, 0.647, -0.176, 0.052, 0.035, 0.106, -0.78, 0.594, 1.0, -0.048, -0.115, 0.035, 0.091, 0.019], [0.148, -0.109, -0.186, 0.052, -0.07, 0.332, 0.133, 0.057, -0.048, 1.0, 0.381, 0.027, -0.278, -0.237], [0.132, -0.14, -0.235, -0.097, -0.181, 0.454, 0.201, 0.029, -0.115, 0.381, 1.0, -0.21, -0.794, -0.235], [0.238, 0.056, -0.036, 0.056, -0.009, -0.2, -0.006, 0.042, 0.035, 0.027, -0.21, 1.0, -0.205, -0.061], [0.067, 0.075, 0.126, 0.122, 0.147, -0.233, -0.101, 0.049, 0.091, -0.278, -0.794, -0.205, 1.0, -0.229], [-0.619, 0.083, 0.256, -0.1, 0.078, -0.27, -0.2, -0.196, 0.019, -0.237, -0.235, -0.061, -0.229, 1.0]]}], {\"title\": \"Correlation plots\"}, {\"showLink\": true, \"linkText\": \"Export to plot.ly\"})});</script>"
      ]
     },
     "metadata": {},
     "output_type": "display_data"
    }
   ],
   "source": [
    "ignore_feats = [col for col in full.columns if \"Soil_Type\" in col]\n",
    "corr         = full.drop(ignore_feats, axis=1).corr().round(3)\n",
    "\n",
    "trace = go.Heatmap(\n",
    "    x = corr.columns,\n",
    "    y = corr.index,\n",
    "    z = corr.values,\n",
    ")\n",
    "\n",
    "buttons = []\n",
    "\n",
    "layout = dict(title = 'Correlation plots')\n",
    "\n",
    "fig = dict(data=[trace], layout=layout)\n",
    "iplot(fig)"
   ]
  },
  {
   "cell_type": "markdown",
   "metadata": {},
   "source": [
    "### Elevation"
   ]
  },
  {
   "cell_type": "code",
   "execution_count": 37,
   "metadata": {},
   "outputs": [
    {
     "data": {
      "application/vnd.plotly.v1+json": {
       "data": [
        {
         "orientation": "h",
         "type": "bar",
         "x": [
          21,
          64,
          107,
          169,
          240,
          297,
          334,
          457,
          614,
          689,
          766,
          879,
          996,
          1048,
          1029,
          1043,
          1107,
          1235,
          1214,
          1337,
          1547,
          1830,
          2086,
          2250,
          2191,
          2195,
          2396,
          2566,
          2439,
          2608,
          2536,
          2624,
          3284,
          4022,
          4488,
          4801,
          5477,
          5825,
          5756,
          5925,
          6192,
          6988,
          8414,
          8459,
          9444,
          9836,
          10037,
          10445,
          11064,
          12055,
          12670,
          13797,
          15632,
          17234,
          19343,
          21344,
          19883,
          19107,
          18850,
          17297,
          16745,
          16330,
          16377,
          16841,
          16757,
          16800,
          17304,
          17167,
          15934,
          14889,
          12969,
          11092,
          8382,
          6631,
          5884,
          5780,
          4729,
          3628,
          2398,
          1676,
          949,
          601,
          531,
          442,
          254,
          242,
          179,
          141,
          102,
          96,
          68,
          66,
          111,
          51,
          41,
          46,
          40,
          44,
          66,
          46
         ],
         "y": [
          1859,
          1878.99,
          1898.98,
          1918.97,
          1938.96,
          1958.95,
          1978.94,
          1998.93,
          2018.92,
          2038.91,
          2058.9,
          2078.89,
          2098.88,
          2118.87,
          2138.86,
          2158.85,
          2178.84,
          2198.83,
          2218.82,
          2238.81,
          2258.8,
          2278.79,
          2298.7799999999997,
          2318.77,
          2338.76,
          2358.75,
          2378.74,
          2398.73,
          2418.72,
          2438.71,
          2458.7,
          2478.69,
          2498.68,
          2518.67,
          2538.66,
          2558.65,
          2578.64,
          2598.63,
          2618.62,
          2638.6099999999997,
          2658.6,
          2678.59,
          2698.58,
          2718.5699999999997,
          2738.56,
          2758.55,
          2778.54,
          2798.5299999999997,
          2818.52,
          2838.5099999999998,
          2858.5,
          2878.49,
          2898.48,
          2918.4700000000003,
          2938.46,
          2958.45,
          2978.4399999999996,
          2998.43,
          3018.42,
          3038.41,
          3058.3999999999996,
          3078.39,
          3098.38,
          3118.37,
          3138.3599999999997,
          3158.35,
          3178.34,
          3198.33,
          3218.3199999999997,
          3238.31,
          3258.3,
          3278.29,
          3298.2799999999997,
          3318.27,
          3338.26,
          3358.25,
          3378.24,
          3398.2299999999996,
          3418.22,
          3438.21,
          3458.2,
          3478.1899999999996,
          3498.18,
          3518.17,
          3538.16,
          3558.1499999999996,
          3578.14,
          3598.13,
          3618.12,
          3638.1099999999997,
          3658.1,
          3678.09,
          3698.08,
          3718.0699999999997,
          3738.06,
          3758.05,
          3778.04,
          3798.0299999999997,
          3818.0199999999995,
          3838.0099999999998,
          3858
         ]
        }
       ],
       "layout": {
        "title": "Elevation Histogram",
        "xaxis": {
         "title": "Count"
        },
        "yaxis": {
         "title": "Elevation"
        }
       }
      },
      "text/html": [
       "<div id=\"9e129bb8-a08c-4008-8d96-af56d7378793\" style=\"height: 525px; width: 100%;\" class=\"plotly-graph-div\"></div><script type=\"text/javascript\">require([\"plotly\"], function(Plotly) { window.PLOTLYENV=window.PLOTLYENV || {};window.PLOTLYENV.BASE_URL=\"https://plot.ly\";Plotly.newPlot(\"9e129bb8-a08c-4008-8d96-af56d7378793\", [{\"type\": \"bar\", \"x\": [21, 64, 107, 169, 240, 297, 334, 457, 614, 689, 766, 879, 996, 1048, 1029, 1043, 1107, 1235, 1214, 1337, 1547, 1830, 2086, 2250, 2191, 2195, 2396, 2566, 2439, 2608, 2536, 2624, 3284, 4022, 4488, 4801, 5477, 5825, 5756, 5925, 6192, 6988, 8414, 8459, 9444, 9836, 10037, 10445, 11064, 12055, 12670, 13797, 15632, 17234, 19343, 21344, 19883, 19107, 18850, 17297, 16745, 16330, 16377, 16841, 16757, 16800, 17304, 17167, 15934, 14889, 12969, 11092, 8382, 6631, 5884, 5780, 4729, 3628, 2398, 1676, 949, 601, 531, 442, 254, 242, 179, 141, 102, 96, 68, 66, 111, 51, 41, 46, 40, 44, 66, 46], \"y\": [1859.0, 1878.99, 1898.98, 1918.97, 1938.96, 1958.95, 1978.94, 1998.93, 2018.92, 2038.91, 2058.9, 2078.89, 2098.88, 2118.87, 2138.86, 2158.85, 2178.84, 2198.83, 2218.82, 2238.81, 2258.8, 2278.79, 2298.7799999999997, 2318.77, 2338.76, 2358.75, 2378.74, 2398.73, 2418.72, 2438.71, 2458.7, 2478.69, 2498.68, 2518.67, 2538.66, 2558.65, 2578.64, 2598.63, 2618.62, 2638.6099999999997, 2658.6, 2678.59, 2698.58, 2718.5699999999997, 2738.56, 2758.55, 2778.54, 2798.5299999999997, 2818.52, 2838.5099999999998, 2858.5, 2878.49, 2898.48, 2918.4700000000003, 2938.46, 2958.45, 2978.4399999999996, 2998.43, 3018.42, 3038.41, 3058.3999999999996, 3078.39, 3098.38, 3118.37, 3138.3599999999997, 3158.35, 3178.34, 3198.33, 3218.3199999999997, 3238.31, 3258.3, 3278.29, 3298.2799999999997, 3318.27, 3338.26, 3358.25, 3378.24, 3398.2299999999996, 3418.22, 3438.21, 3458.2, 3478.1899999999996, 3498.18, 3518.17, 3538.16, 3558.1499999999996, 3578.14, 3598.13, 3618.12, 3638.1099999999997, 3658.1, 3678.09, 3698.08, 3718.0699999999997, 3738.06, 3758.05, 3778.04, 3798.0299999999997, 3818.0199999999995, 3838.0099999999998, 3858.0], \"orientation\": \"h\"}], {\"title\": \"Elevation Histogram\", \"xaxis\": {\"title\": \"Count\"}, \"yaxis\": {\"title\": \"Elevation\"}}, {\"showLink\": true, \"linkText\": \"Export to plot.ly\"})});</script>"
      ],
      "text/vnd.plotly.v1+html": [
       "<div id=\"9e129bb8-a08c-4008-8d96-af56d7378793\" style=\"height: 525px; width: 100%;\" class=\"plotly-graph-div\"></div><script type=\"text/javascript\">require([\"plotly\"], function(Plotly) { window.PLOTLYENV=window.PLOTLYENV || {};window.PLOTLYENV.BASE_URL=\"https://plot.ly\";Plotly.newPlot(\"9e129bb8-a08c-4008-8d96-af56d7378793\", [{\"type\": \"bar\", \"x\": [21, 64, 107, 169, 240, 297, 334, 457, 614, 689, 766, 879, 996, 1048, 1029, 1043, 1107, 1235, 1214, 1337, 1547, 1830, 2086, 2250, 2191, 2195, 2396, 2566, 2439, 2608, 2536, 2624, 3284, 4022, 4488, 4801, 5477, 5825, 5756, 5925, 6192, 6988, 8414, 8459, 9444, 9836, 10037, 10445, 11064, 12055, 12670, 13797, 15632, 17234, 19343, 21344, 19883, 19107, 18850, 17297, 16745, 16330, 16377, 16841, 16757, 16800, 17304, 17167, 15934, 14889, 12969, 11092, 8382, 6631, 5884, 5780, 4729, 3628, 2398, 1676, 949, 601, 531, 442, 254, 242, 179, 141, 102, 96, 68, 66, 111, 51, 41, 46, 40, 44, 66, 46], \"y\": [1859.0, 1878.99, 1898.98, 1918.97, 1938.96, 1958.95, 1978.94, 1998.93, 2018.92, 2038.91, 2058.9, 2078.89, 2098.88, 2118.87, 2138.86, 2158.85, 2178.84, 2198.83, 2218.82, 2238.81, 2258.8, 2278.79, 2298.7799999999997, 2318.77, 2338.76, 2358.75, 2378.74, 2398.73, 2418.72, 2438.71, 2458.7, 2478.69, 2498.68, 2518.67, 2538.66, 2558.65, 2578.64, 2598.63, 2618.62, 2638.6099999999997, 2658.6, 2678.59, 2698.58, 2718.5699999999997, 2738.56, 2758.55, 2778.54, 2798.5299999999997, 2818.52, 2838.5099999999998, 2858.5, 2878.49, 2898.48, 2918.4700000000003, 2938.46, 2958.45, 2978.4399999999996, 2998.43, 3018.42, 3038.41, 3058.3999999999996, 3078.39, 3098.38, 3118.37, 3138.3599999999997, 3158.35, 3178.34, 3198.33, 3218.3199999999997, 3238.31, 3258.3, 3278.29, 3298.2799999999997, 3318.27, 3338.26, 3358.25, 3378.24, 3398.2299999999996, 3418.22, 3438.21, 3458.2, 3478.1899999999996, 3498.18, 3518.17, 3538.16, 3558.1499999999996, 3578.14, 3598.13, 3618.12, 3638.1099999999997, 3658.1, 3678.09, 3698.08, 3718.0699999999997, 3738.06, 3758.05, 3778.04, 3798.0299999999997, 3818.0199999999995, 3838.0099999999998, 3858.0], \"orientation\": \"h\"}], {\"title\": \"Elevation Histogram\", \"xaxis\": {\"title\": \"Count\"}, \"yaxis\": {\"title\": \"Elevation\"}}, {\"showLink\": true, \"linkText\": \"Export to plot.ly\"})});</script>"
      ]
     },
     "metadata": {},
     "output_type": "display_data"
    }
   ],
   "source": [
    "bins = np.histogram(full[\"Elevation\"], bins=100)\n",
    "\n",
    "trace = go.Bar(\n",
    "    x=bins[0],\n",
    "    y=bins[1],\n",
    "    orientation=\"h\",\n",
    ")\n",
    "\n",
    "layout = go.Layout(\n",
    "    title   = \"Elevation Histogram\",\n",
    "    xaxis   = dict(title = \"Count\"),\n",
    "    yaxis   = dict(title = \"Elevation\")\n",
    ")\n",
    "\n",
    "fig = go.Figure(data=[trace], layout=layout)\n",
    "iplot(fig);"
   ]
  },
  {
   "cell_type": "markdown",
   "metadata": {},
   "source": [
    "### Distance to Hydrology"
   ]
  },
  {
   "cell_type": "code",
   "execution_count": 57,
   "metadata": {},
   "outputs": [
    {
     "data": {
      "text/html": [
       "<div class=\"vega-embed\" id=\"b75f0ac1-e250-4691-ae6a-15123067d935\"></div>\n",
       "\n",
       "<style>\n",
       ".vega-embed .error p {\n",
       "    color: firebrick;\n",
       "    font-size: 14px;\n",
       "}\n",
       "</style>\n"
      ]
     },
     "metadata": {
      "jupyter-vega": "#b75f0ac1-e250-4691-ae6a-15123067d935"
     },
     "output_type": "display_data"
    },
    {
     "data": {
      "application/javascript": [
