{
 "cells": [
  {
   "cell_type": "markdown",
   "metadata": {},
   "source": [
    "### Imports"
   ]
  },
  {
   "cell_type": "code",
   "execution_count": 1,
   "metadata": {},
   "outputs": [
    {
     "data": {
      "text/html": [
       "<script>requirejs.config({paths: { 'plotly': ['https://cdn.plot.ly/plotly-latest.min']},});if(!window.Plotly) {{require(['plotly'],function(plotly) {window.Plotly=plotly;});}}</script>"
      ],
      "text/vnd.plotly.v1+html": [
       "<script>requirejs.config({paths: { 'plotly': ['https://cdn.plot.ly/plotly-latest.min']},});if(!window.Plotly) {{require(['plotly'],function(plotly) {window.Plotly=plotly;});}}</script>"
      ]
     },
     "metadata": {},
     "output_type": "display_data"
    }
   ],
   "source": [
    "import numpy as np\n",
    "import pandas as pd\n",
    "\n",
    "import matplotlib.pyplot as plt\n",
    "import seaborn as sns\n",
    "%matplotlib inline\n",
    "sns.set()\n",
    "\n",
    "### Plotly\n",
    "from plotly.offline import init_notebook_mode, iplot\n",
    "import plotly.graph_objs as go\n",
    "import plotly.figure_factory as ff\n",
    "import plotly.plotly as py\n",
    "from plotly import tools\n",
    "init_notebook_mode(connected=True)\n",
    "\n",
    "# Altair\n",
    "import altair as alt\n",
    "alt.renderers.enable('notebook')\n",
    "\n",
    "### Removes warnings that occassionally show up\n",
    "import warnings\n",
    "warnings.filterwarnings('ignore')"
   ]
  },
  {
   "cell_type": "markdown",
   "metadata": {},
   "source": [
    "### Load Data"
   ]
  },
  {
   "cell_type": "code",
   "execution_count": 2,
   "metadata": {},
   "outputs": [
    {
     "name": "stdout",
     "output_type": "stream",
     "text": [
      "Categorical columns:\n",
      "\n",
      "Numerical columns:\n",
      "Id --- Elevation --- Aspect --- Slope --- Horizontal_Distance_To_Hydrology --- Vertical_Distance_To_Hydrology --- Horizontal_Distance_To_Roadways --- Hillshade_9am --- Hillshade_Noon --- Hillshade_3pm --- Horizontal_Distance_To_Fire_Points --- Wilderness_Area1 --- Wilderness_Area2 --- Wilderness_Area3 --- Wilderness_Area4 --- Soil_Type1 --- Soil_Type2 --- Soil_Type3 --- Soil_Type4 --- Soil_Type5 --- Soil_Type6 --- Soil_Type7 --- Soil_Type8 --- Soil_Type9 --- Soil_Type10 --- Soil_Type11 --- Soil_Type12 --- Soil_Type13 --- Soil_Type14 --- Soil_Type15 --- Soil_Type16 --- Soil_Type17 --- Soil_Type18 --- Soil_Type19 --- Soil_Type20 --- Soil_Type21 --- Soil_Type22 --- Soil_Type23 --- Soil_Type24 --- Soil_Type25 --- Soil_Type26 --- Soil_Type27 --- Soil_Type28 --- Soil_Type29 --- Soil_Type30 --- Soil_Type31 --- Soil_Type32 --- Soil_Type33 --- Soil_Type34 --- Soil_Type35 --- Soil_Type36 --- Soil_Type37 --- Soil_Type38 --- Soil_Type39 --- Soil_Type40 --- Cover_Type\n",
      "\n",
      "Shape of train: (15120, 56)\n",
      "Shape of test: (565892, 55)\n"
     ]
    }
   ],
   "source": [
    "DATA_PATH = \"../../data/Forest-Cover/\"\n",
    "\n",
    "train = pd.read_csv(DATA_PATH + \"train.csv\")\n",
    "test  = pd.read_csv(DATA_PATH + \"test.csv\")\n",
    "\n",
    "cat_columns = [col for col in train.columns if train[col].dtype == object]\n",
    "print(\"Categorical columns:\")\n",
    "print(\" --- \".join(cat_columns))\n",
    "\n",
    "### Numerical columns\n",
    "num_columns = [col for col in train.columns if train[col].dtype != object]\n",
    "print(\"Numerical columns:\")\n",
    "print(\" --- \".join(num_columns))\n",
    "print()\n",
    "print(\"Shape of train:\", train.shape)\n",
    "print(\"Shape of test:\",  test.shape)"
   ]
  },
  {
   "cell_type": "markdown",
   "metadata": {},
   "source": [
    "### Split into id, target, and predictors"
   ]
  },
  {
   "cell_type": "code",
   "execution_count": 3,
   "metadata": {
    "collapsed": true
   },
   "outputs": [],
   "source": [
    "train_y = train[\"Cover_Type\"]\n",
    "train_id = train[\"Id\"]\n",
    "train_x = train.drop([\"Cover_Type\", \"Id\"], axis=1)\n",
    "\n",
    "test_id = test[\"Id\"]\n",
    "test_x  = test.drop(\"Id\", axis=1)\n",
    "\n",
    "full    = pd.concat([train_x, test_x])\n",
    "train_N = len(train_x)"
   ]
  },
  {
   "cell_type": "markdown",
   "metadata": {},
   "source": [
    "### Train/Test size difference"
   ]
  },
  {
   "cell_type": "code",
   "execution_count": 4,
   "metadata": {},
   "outputs": [
    {
     "data": {
      "application/vnd.plotly.v1+json": {
       "data": [
        {
         "hoverinfo": "label+percent",
         "labels": [
          "Train",
          "Test"
         ],
         "marker": {
          "line": {
           "color": "black",
           "width": 2
          }
         },
         "textfont": {
          "size": 20
         },
         "textinfo": "value",
         "type": "pie",
         "values": [
          15120,
          565892
         ]
        }
       ],
       "layout": {
        "title": "Train/Test size difference"
       }
      },
      "text/html": [
       "<div id=\"ecafe590-f3c9-4f2a-af46-ddec20c3ba6d\" style=\"height: 525px; width: 100%;\" class=\"plotly-graph-div\"></div><script type=\"text/javascript\">require([\"plotly\"], function(Plotly) { window.PLOTLYENV=window.PLOTLYENV || {};window.PLOTLYENV.BASE_URL=\"https://plot.ly\";Plotly.newPlot(\"ecafe590-f3c9-4f2a-af46-ddec20c3ba6d\", [{\"type\": \"pie\", \"labels\": [\"Train\", \"Test\"], \"values\": [15120, 565892], \"hoverinfo\": \"label+percent\", \"textinfo\": \"value\", \"textfont\": {\"size\": 20}, \"marker\": {\"line\": {\"color\": \"black\", \"width\": 2}}}], {\"title\": \"Train/Test size difference\"}, {\"showLink\": true, \"linkText\": \"Export to plot.ly\"})});</script>"
      ],
      "text/vnd.plotly.v1+html": [
       "<div id=\"ecafe590-f3c9-4f2a-af46-ddec20c3ba6d\" style=\"height: 525px; width: 100%;\" class=\"plotly-graph-div\"></div><script type=\"text/javascript\">require([\"plotly\"], function(Plotly) { window.PLOTLYENV=window.PLOTLYENV || {};window.PLOTLYENV.BASE_URL=\"https://plot.ly\";Plotly.newPlot(\"ecafe590-f3c9-4f2a-af46-ddec20c3ba6d\", [{\"type\": \"pie\", \"labels\": [\"Train\", \"Test\"], \"values\": [15120, 565892], \"hoverinfo\": \"label+percent\", \"textinfo\": \"value\", \"textfont\": {\"size\": 20}, \"marker\": {\"line\": {\"color\": \"black\", \"width\": 2}}}], {\"title\": \"Train/Test size difference\"}, {\"showLink\": true, \"linkText\": \"Export to plot.ly\"})});</script>"
      ]
     },
     "metadata": {},
     "output_type": "display_data"
    }
   ],
   "source": [
    "temp = pd.DataFrame({\"Dataset\": [\"Train\", \"Test\"], \"Number of Records\": [train.shape[0], test.shape[0]]})\n",
    "\n",
    "trace = go.Pie(labels=temp[\"Dataset\"], values=temp[\"Number of Records\"],\n",
    "               hoverinfo='label+percent', textinfo='value', \n",
    "               textfont=dict(size=20),\n",
    "               marker=dict(line=dict(color=\"black\", width=2)))\n",
    "\n",
    "layout = go.Layout(\n",
    "    title = \"Train/Test size difference\",\n",
    ")\n",
    "\n",
    "fig = go.Figure(data=[trace], layout=layout)\n",
    "iplot(fig);"
   ]
  },
  {
   "cell_type": "markdown",
   "metadata": {},
   "source": [
    "### Target: Cover_Type\n",
    "\n",
    "Nice, seems very boring"
   ]
  },
  {
   "cell_type": "code",
   "execution_count": 5,
   "metadata": {},
   "outputs": [
    {
     "data": {
      "application/vnd.plotly.v1+json": {
       "data": [
        {
         "type": "bar",
         "x": [
          7,
          6,
          5,
          4,
          3,
          2,
          1
         ],
         "y": [
          2160,
          2160,
          2160,
          2160,
          2160,
          2160,
          2160
         ]
        }
       ],
       "layout": {
        "title": "Cover Type shown in Train",
        "yaxis": {
         "title": "Count"
        }
       }
      },
      "text/html": [
       "<div id=\"6d920066-2e6b-4d7a-b066-071025580eb1\" style=\"height: 525px; width: 100%;\" class=\"plotly-graph-div\"></div><script type=\"text/javascript\">require([\"plotly\"], function(Plotly) { window.PLOTLYENV=window.PLOTLYENV || {};window.PLOTLYENV.BASE_URL=\"https://plot.ly\";Plotly.newPlot(\"6d920066-2e6b-4d7a-b066-071025580eb1\", [{\"type\": \"bar\", \"x\": [7, 6, 5, 4, 3, 2, 1], \"y\": [2160, 2160, 2160, 2160, 2160, 2160, 2160]}], {\"title\": \"Cover Type shown in Train\", \"yaxis\": {\"title\": \"Count\"}}, {\"showLink\": true, \"linkText\": \"Export to plot.ly\"})});</script>"
      ],
      "text/vnd.plotly.v1+html": [
       "<div id=\"6d920066-2e6b-4d7a-b066-071025580eb1\" style=\"height: 525px; width: 100%;\" class=\"plotly-graph-div\"></div><script type=\"text/javascript\">require([\"plotly\"], function(Plotly) { window.PLOTLYENV=window.PLOTLYENV || {};window.PLOTLYENV.BASE_URL=\"https://plot.ly\";Plotly.newPlot(\"6d920066-2e6b-4d7a-b066-071025580eb1\", [{\"type\": \"bar\", \"x\": [7, 6, 5, 4, 3, 2, 1], \"y\": [2160, 2160, 2160, 2160, 2160, 2160, 2160]}], {\"title\": \"Cover Type shown in Train\", \"yaxis\": {\"title\": \"Count\"}}, {\"showLink\": true, \"linkText\": \"Export to plot.ly\"})});</script>"
      ]
     },
     "metadata": {},
     "output_type": "display_data"
    }
   ],
   "source": [
    "vc = train_y.value_counts()\n",
    "\n",
    "trace = go.Bar(\n",
    "    x=vc.index,\n",
    "    y=vc.values,\n",
    ")\n",
    "\n",
    "layout = go.Layout(\n",
    "    title   = \"Cover Type shown in Train\",\n",
    "    yaxis   = dict(title = \"Count\")\n",
    ")\n",
    "\n",
    "fig = go.Figure(data=[trace], layout=layout)\n",
    "iplot(fig);"
   ]
  },
  {
   "cell_type": "markdown",
   "metadata": {},
   "source": [
    "### Correlation Plot"
   ]
  },
  {
   "cell_type": "code",
   "execution_count": 6,
   "metadata": {},
   "outputs": [
    {
     "data": {
      "application/vnd.plotly.v1+json": {
       "data": [
        {
         "type": "heatmap",
         "x": [
          "Elevation",
          "Aspect",
          "Slope",
          "Horizontal_Distance_To_Hydrology",
          "Vertical_Distance_To_Hydrology",
          "Horizontal_Distance_To_Roadways",
          "Hillshade_9am",
          "Hillshade_Noon",
          "Hillshade_3pm",
          "Horizontal_Distance_To_Fire_Points",
          "Wilderness_Area1",
          "Wilderness_Area2",
          "Wilderness_Area3",
          "Wilderness_Area4"
         ],
         "y": [
          "Elevation",
          "Aspect",
          "Slope",
          "Horizontal_Distance_To_Hydrology",
          "Vertical_Distance_To_Hydrology",
          "Horizontal_Distance_To_Roadways",
          "Hillshade_9am",
          "Hillshade_Noon",
          "Hillshade_3pm",
          "Horizontal_Distance_To_Fire_Points",
          "Wilderness_Area1",
          "Wilderness_Area2",
          "Wilderness_Area3",
          "Wilderness_Area4"
         ],
         "z": [
          [
           1,
           0.016,
           -0.243,
           0.306,
           0.093,
           0.366,
           0.112,
           0.206,
           0.059,
           0.148,
           0.132,
           0.238,
           0.067,
           -0.619
          ],
          [
           0.016,
           1,
           0.079,
           0.017,
           0.07,
           0.025,
           -0.579,
           0.336,
           0.647,
           -0.109,
           -0.14,
           0.056,
           0.075,
           0.083
          ],
          [
           -0.243,
           0.079,
           1,
           -0.011,
           0.275,
           -0.216,
           -0.327,
           -0.527,
           -0.176,
           -0.186,
           -0.235,
           -0.036,
           0.126,
           0.256
          ],
          [
           0.306,
           0.017,
           -0.011,
           1,
           0.606,
           0.072,
           -0.027,
           0.047,
           0.052,
           0.052,
           -0.097,
           0.056,
           0.122,
           -0.1
          ],
          [
           0.093,
           0.07,
           0.275,
           0.606,
           1,
           -0.046,
           -0.166,
           -0.111,
           0.035,
           -0.07,
           -0.181,
           -0.009,
           0.147,
           0.078
          ],
          [
           0.366,
           0.025,
           -0.216,
           0.072,
           -0.046,
           1,
           0.034,
           0.189,
           0.106,
           0.332,
           0.454,
           -0.2,
           -0.233,
           -0.27
          ],
          [
           0.112,
           -0.579,
           -0.327,
           -0.027,
           -0.166,
           0.034,
           1,
           0.01,
           -0.78,
           0.133,
           0.201,
           -0.006,
           -0.101,
           -0.2
          ],
          [
           0.206,
           0.336,
           -0.527,
           0.047,
           -0.111,
           0.189,
           0.01,
           1,
           0.594,
           0.057,
           0.029,
           0.042,
           0.049,
           -0.196
          ],
          [
           0.059,
           0.647,
           -0.176,
           0.052,
           0.035,
           0.106,
           -0.78,
           0.594,
           1,
           -0.048,
           -0.115,
           0.035,
           0.091,
           0.019
          ],
          [
           0.148,
           -0.109,
           -0.186,
           0.052,
           -0.07,
           0.332,
           0.133,
           0.057,
           -0.048,
           1,
           0.381,
           0.027,
           -0.278,
           -0.237
          ],
          [
           0.132,
           -0.14,
           -0.235,
           -0.097,
           -0.181,
           0.454,
           0.201,
           0.029,
           -0.115,
           0.381,
           1,
           -0.21,
           -0.794,
           -0.235
          ],
          [
           0.238,
           0.056,
           -0.036,
           0.056,
           -0.009,
           -0.2,
           -0.006,
           0.042,
           0.035,
           0.027,
           -0.21,
           1,
           -0.205,
           -0.061
          ],
          [
           0.067,
           0.075,
           0.126,
           0.122,
           0.147,
           -0.233,
           -0.101,
           0.049,
           0.091,
           -0.278,
           -0.794,
           -0.205,
           1,
           -0.229
          ],
          [
           -0.619,
           0.083,
           0.256,
           -0.1,
           0.078,
           -0.27,
           -0.2,
           -0.196,
           0.019,
           -0.237,
           -0.235,
           -0.061,
           -0.229,
           1
          ]
         ]
        }
       ],
       "layout": {
        "title": "Correlation plots"
       }
      },
      "text/html": [
       "<div id=\"106111b7-3363-414f-9e17-dae72c15ff3b\" style=\"height: 525px; width: 100%;\" class=\"plotly-graph-div\"></div><script type=\"text/javascript\">require([\"plotly\"], function(Plotly) { window.PLOTLYENV=window.PLOTLYENV || {};window.PLOTLYENV.BASE_URL=\"https://plot.ly\";Plotly.newPlot(\"106111b7-3363-414f-9e17-dae72c15ff3b\", [{\"type\": \"heatmap\", \"x\": [\"Elevation\", \"Aspect\", \"Slope\", \"Horizontal_Distance_To_Hydrology\", \"Vertical_Distance_To_Hydrology\", \"Horizontal_Distance_To_Roadways\", \"Hillshade_9am\", \"Hillshade_Noon\", \"Hillshade_3pm\", \"Horizontal_Distance_To_Fire_Points\", \"Wilderness_Area1\", \"Wilderness_Area2\", \"Wilderness_Area3\", \"Wilderness_Area4\"], \"y\": [\"Elevation\", \"Aspect\", \"Slope\", \"Horizontal_Distance_To_Hydrology\", \"Vertical_Distance_To_Hydrology\", \"Horizontal_Distance_To_Roadways\", \"Hillshade_9am\", \"Hillshade_Noon\", \"Hillshade_3pm\", \"Horizontal_Distance_To_Fire_Points\", \"Wilderness_Area1\", \"Wilderness_Area2\", \"Wilderness_Area3\", \"Wilderness_Area4\"], \"z\": [[1.0, 0.016, -0.243, 0.306, 0.093, 0.366, 0.112, 0.206, 0.059, 0.148, 0.132, 0.238, 0.067, -0.619], [0.016, 1.0, 0.079, 0.017, 0.07, 0.025, -0.579, 0.336, 0.647, -0.109, -0.14, 0.056, 0.075, 0.083], [-0.243, 0.079, 1.0, -0.011, 0.275, -0.216, -0.327, -0.527, -0.176, -0.186, -0.235, -0.036, 0.126, 0.256], [0.306, 0.017, -0.011, 1.0, 0.606, 0.072, -0.027, 0.047, 0.052, 0.052, -0.097, 0.056, 0.122, -0.1], [0.093, 0.07, 0.275, 0.606, 1.0, -0.046, -0.166, -0.111, 0.035, -0.07, -0.181, -0.009, 0.147, 0.078], [0.366, 0.025, -0.216, 0.072, -0.046, 1.0, 0.034, 0.189, 0.106, 0.332, 0.454, -0.2, -0.233, -0.27], [0.112, -0.579, -0.327, -0.027, -0.166, 0.034, 1.0, 0.01, -0.78, 0.133, 0.201, -0.006, -0.101, -0.2], [0.206, 0.336, -0.527, 0.047, -0.111, 0.189, 0.01, 1.0, 0.594, 0.057, 0.029, 0.042, 0.049, -0.196], [0.059, 0.647, -0.176, 0.052, 0.035, 0.106, -0.78, 0.594, 1.0, -0.048, -0.115, 0.035, 0.091, 0.019], [0.148, -0.109, -0.186, 0.052, -0.07, 0.332, 0.133, 0.057, -0.048, 1.0, 0.381, 0.027, -0.278, -0.237], [0.132, -0.14, -0.235, -0.097, -0.181, 0.454, 0.201, 0.029, -0.115, 0.381, 1.0, -0.21, -0.794, -0.235], [0.238, 0.056, -0.036, 0.056, -0.009, -0.2, -0.006, 0.042, 0.035, 0.027, -0.21, 1.0, -0.205, -0.061], [0.067, 0.075, 0.126, 0.122, 0.147, -0.233, -0.101, 0.049, 0.091, -0.278, -0.794, -0.205, 1.0, -0.229], [-0.619, 0.083, 0.256, -0.1, 0.078, -0.27, -0.2, -0.196, 0.019, -0.237, -0.235, -0.061, -0.229, 1.0]]}], {\"title\": \"Correlation plots\"}, {\"showLink\": true, \"linkText\": \"Export to plot.ly\"})});</script>"
      ],
      "text/vnd.plotly.v1+html": [
       "<div id=\"106111b7-3363-414f-9e17-dae72c15ff3b\" style=\"height: 525px; width: 100%;\" class=\"plotly-graph-div\"></div><script type=\"text/javascript\">require([\"plotly\"], function(Plotly) { window.PLOTLYENV=window.PLOTLYENV || {};window.PLOTLYENV.BASE_URL=\"https://plot.ly\";Plotly.newPlot(\"106111b7-3363-414f-9e17-dae72c15ff3b\", [{\"type\": \"heatmap\", \"x\": [\"Elevation\", \"Aspect\", \"Slope\", \"Horizontal_Distance_To_Hydrology\", \"Vertical_Distance_To_Hydrology\", \"Horizontal_Distance_To_Roadways\", \"Hillshade_9am\", \"Hillshade_Noon\", \"Hillshade_3pm\", \"Horizontal_Distance_To_Fire_Points\", \"Wilderness_Area1\", \"Wilderness_Area2\", \"Wilderness_Area3\", \"Wilderness_Area4\"], \"y\": [\"Elevation\", \"Aspect\", \"Slope\", \"Horizontal_Distance_To_Hydrology\", \"Vertical_Distance_To_Hydrology\", \"Horizontal_Distance_To_Roadways\", \"Hillshade_9am\", \"Hillshade_Noon\", \"Hillshade_3pm\", \"Horizontal_Distance_To_Fire_Points\", \"Wilderness_Area1\", \"Wilderness_Area2\", \"Wilderness_Area3\", \"Wilderness_Area4\"], \"z\": [[1.0, 0.016, -0.243, 0.306, 0.093, 0.366, 0.112, 0.206, 0.059, 0.148, 0.132, 0.238, 0.067, -0.619], [0.016, 1.0, 0.079, 0.017, 0.07, 0.025, -0.579, 0.336, 0.647, -0.109, -0.14, 0.056, 0.075, 0.083], [-0.243, 0.079, 1.0, -0.011, 0.275, -0.216, -0.327, -0.527, -0.176, -0.186, -0.235, -0.036, 0.126, 0.256], [0.306, 0.017, -0.011, 1.0, 0.606, 0.072, -0.027, 0.047, 0.052, 0.052, -0.097, 0.056, 0.122, -0.1], [0.093, 0.07, 0.275, 0.606, 1.0, -0.046, -0.166, -0.111, 0.035, -0.07, -0.181, -0.009, 0.147, 0.078], [0.366, 0.025, -0.216, 0.072, -0.046, 1.0, 0.034, 0.189, 0.106, 0.332, 0.454, -0.2, -0.233, -0.27], [0.112, -0.579, -0.327, -0.027, -0.166, 0.034, 1.0, 0.01, -0.78, 0.133, 0.201, -0.006, -0.101, -0.2], [0.206, 0.336, -0.527, 0.047, -0.111, 0.189, 0.01, 1.0, 0.594, 0.057, 0.029, 0.042, 0.049, -0.196], [0.059, 0.647, -0.176, 0.052, 0.035, 0.106, -0.78, 0.594, 1.0, -0.048, -0.115, 0.035, 0.091, 0.019], [0.148, -0.109, -0.186, 0.052, -0.07, 0.332, 0.133, 0.057, -0.048, 1.0, 0.381, 0.027, -0.278, -0.237], [0.132, -0.14, -0.235, -0.097, -0.181, 0.454, 0.201, 0.029, -0.115, 0.381, 1.0, -0.21, -0.794, -0.235], [0.238, 0.056, -0.036, 0.056, -0.009, -0.2, -0.006, 0.042, 0.035, 0.027, -0.21, 1.0, -0.205, -0.061], [0.067, 0.075, 0.126, 0.122, 0.147, -0.233, -0.101, 0.049, 0.091, -0.278, -0.794, -0.205, 1.0, -0.229], [-0.619, 0.083, 0.256, -0.1, 0.078, -0.27, -0.2, -0.196, 0.019, -0.237, -0.235, -0.061, -0.229, 1.0]]}], {\"title\": \"Correlation plots\"}, {\"showLink\": true, \"linkText\": \"Export to plot.ly\"})});</script>"
      ]
     },
     "metadata": {},
     "output_type": "display_data"
    }
   ],
   "source": [
    "ignore_feats = [col for col in full.columns if \"Soil_Type\" in col]\n",
    "corr         = full.drop(ignore_feats, axis=1).corr().round(3)\n",
    "\n",
    "trace = go.Heatmap(\n",
    "    x = corr.columns,\n",
    "    y = corr.index,\n",
    "    z = corr.values,\n",
    ")\n",
    "\n",
    "buttons = []\n",
    "\n",
    "layout = dict(title = 'Correlation plots')\n",
    "\n",
    "fig = dict(data=[trace], layout=layout)\n",
    "iplot(fig)"
   ]
  },
  {
   "cell_type": "markdown",
   "metadata": {},
   "source": [
    "### Elevation"
   ]
  },
  {
   "cell_type": "code",
   "execution_count": 88,
   "metadata": {},
   "outputs": [
    {
     "data": {
      "text/html": [
       "<div class=\"vega-embed\" id=\"36f236a7-2471-4c37-aa53-aa7e01e844eb\"></div>\n",
       "\n",
       "<style>\n",
       ".vega-embed .error p {\n",
       "    color: firebrick;\n",
       "    font-size: 14px;\n",
       "}\n",
       "</style>\n"
      ]
     },
     "metadata": {
      "jupyter-vega": "#36f236a7-2471-4c37-aa53-aa7e01e844eb"
     },
     "output_type": "display_data"
    },
    {
     "data": {
      "application/javascript": [
       "var spec = {\"config\": {\"view\": {\"width\": 400, \"height\": 300}}, \"layer\": [{\"data\": {\"values\": [{\"Count\": 21, \"Elevation\": 1859.0}, {\"Count\": 64, \"Elevation\": 1879.0}, {\"Count\": 107, \"Elevation\": 1899.0}, {\"Count\": 169, \"Elevation\": 1919.0}, {\"Count\": 240, \"Elevation\": 1939.0}, {\"Count\": 297, \"Elevation\": 1959.0}, {\"Count\": 334, \"Elevation\": 1978.9}, {\"Count\": 457, \"Elevation\": 1998.9}, {\"Count\": 614, \"Elevation\": 2018.9}, {\"Count\": 689, \"Elevation\": 2038.9}, {\"Count\": 766, \"Elevation\": 2058.9}, {\"Count\": 879, \"Elevation\": 2078.9}, {\"Count\": 996, \"Elevation\": 2098.9}, {\"Count\": 1048, \"Elevation\": 2118.9}, {\"Count\": 1029, \"Elevation\": 2138.9}, {\"Count\": 1043, \"Elevation\": 2158.8}, {\"Count\": 1107, \"Elevation\": 2178.8}, {\"Count\": 1235, \"Elevation\": 2198.8}, {\"Count\": 1214, \"Elevation\": 2218.8}, {\"Count\": 1337, \"Elevation\": 2238.8}, {\"Count\": 1547, \"Elevation\": 2258.8}, {\"Count\": 1830, \"Elevation\": 2278.8}, {\"Count\": 2086, \"Elevation\": 2298.8}, {\"Count\": 2250, \"Elevation\": 2318.8}, {\"Count\": 2191, \"Elevation\": 2338.8}, {\"Count\": 2195, \"Elevation\": 2358.8}, {\"Count\": 2396, \"Elevation\": 2378.7}, {\"Count\": 2566, \"Elevation\": 2398.7}, {\"Count\": 2439, \"Elevation\": 2418.7}, {\"Count\": 2608, \"Elevation\": 2438.7}, {\"Count\": 2536, \"Elevation\": 2458.7}, {\"Count\": 2624, \"Elevation\": 2478.7}, {\"Count\": 3284, \"Elevation\": 2498.7}, {\"Count\": 4022, \"Elevation\": 2518.7}, {\"Count\": 4488, \"Elevation\": 2538.7}, {\"Count\": 4801, \"Elevation\": 2558.6}, {\"Count\": 5477, \"Elevation\": 2578.6}, {\"Count\": 5825, \"Elevation\": 2598.6}, {\"Count\": 5756, \"Elevation\": 2618.6}, {\"Count\": 5925, \"Elevation\": 2638.6}, {\"Count\": 6192, \"Elevation\": 2658.6}, {\"Count\": 6988, \"Elevation\": 2678.6}, {\"Count\": 8414, \"Elevation\": 2698.6}, {\"Count\": 8459, \"Elevation\": 2718.6}, {\"Count\": 9444, \"Elevation\": 2738.6}, {\"Count\": 9836, \"Elevation\": 2758.6}, {\"Count\": 10037, \"Elevation\": 2778.5}, {\"Count\": 10445, \"Elevation\": 2798.5}, {\"Count\": 11064, \"Elevation\": 2818.5}, {\"Count\": 12055, \"Elevation\": 2838.5}, {\"Count\": 12670, \"Elevation\": 2858.5}, {\"Count\": 13797, \"Elevation\": 2878.5}, {\"Count\": 15632, \"Elevation\": 2898.5}, {\"Count\": 17234, \"Elevation\": 2918.5}, {\"Count\": 19343, \"Elevation\": 2938.5}, {\"Count\": 21344, \"Elevation\": 2958.4}, {\"Count\": 19883, \"Elevation\": 2978.4}, {\"Count\": 19107, \"Elevation\": 2998.4}, {\"Count\": 18850, \"Elevation\": 3018.4}, {\"Count\": 17297, \"Elevation\": 3038.4}, {\"Count\": 16745, \"Elevation\": 3058.4}, {\"Count\": 16330, \"Elevation\": 3078.4}, {\"Count\": 16377, \"Elevation\": 3098.4}, {\"Count\": 16841, \"Elevation\": 3118.4}, {\"Count\": 16757, \"Elevation\": 3138.4}, {\"Count\": 16800, \"Elevation\": 3158.4}, {\"Count\": 17304, \"Elevation\": 3178.3}, {\"Count\": 17167, \"Elevation\": 3198.3}, {\"Count\": 15934, \"Elevation\": 3218.3}, {\"Count\": 14889, \"Elevation\": 3238.3}, {\"Count\": 12969, \"Elevation\": 3258.3}, {\"Count\": 11092, \"Elevation\": 3278.3}, {\"Count\": 8382, \"Elevation\": 3298.3}, {\"Count\": 6631, \"Elevation\": 3318.3}, {\"Count\": 5884, \"Elevation\": 3338.3}, {\"Count\": 5780, \"Elevation\": 3358.2}, {\"Count\": 4729, \"Elevation\": 3378.2}, {\"Count\": 3628, \"Elevation\": 3398.2}, {\"Count\": 2398, \"Elevation\": 3418.2}, {\"Count\": 1676, \"Elevation\": 3438.2}, {\"Count\": 949, \"Elevation\": 3458.2}, {\"Count\": 601, \"Elevation\": 3478.2}, {\"Count\": 531, \"Elevation\": 3498.2}, {\"Count\": 442, \"Elevation\": 3518.2}, {\"Count\": 254, \"Elevation\": 3538.2}, {\"Count\": 242, \"Elevation\": 3558.2}, {\"Count\": 179, \"Elevation\": 3578.1}, {\"Count\": 141, \"Elevation\": 3598.1}, {\"Count\": 102, \"Elevation\": 3618.1}, {\"Count\": 96, \"Elevation\": 3638.1}, {\"Count\": 68, \"Elevation\": 3658.1}, {\"Count\": 66, \"Elevation\": 3678.1}, {\"Count\": 111, \"Elevation\": 3698.1}, {\"Count\": 51, \"Elevation\": 3718.1}, {\"Count\": 41, \"Elevation\": 3738.1}, {\"Count\": 46, \"Elevation\": 3758.0}, {\"Count\": 40, \"Elevation\": 3778.0}, {\"Count\": 44, \"Elevation\": 3798.0}, {\"Count\": 66, \"Elevation\": 3818.0}, {\"Count\": 46, \"Elevation\": 3838.0}]}, \"mark\": \"bar\", \"encoding\": {\"tooltip\": [{\"type\": \"quantitative\", \"field\": \"Elevation\"}, {\"type\": \"quantitative\", \"field\": \"Count\"}], \"x\": {\"type\": \"quantitative\", \"axis\": {\"title\": \"Elevation\"}, \"field\": \"Elevation\"}, \"y\": {\"type\": \"quantitative\", \"field\": \"Count\"}}, \"selection\": {\"selector037\": {\"type\": \"interval\", \"bind\": \"scales\", \"encodings\": [\"x\", \"y\"]}}}, {\"data\": {\"values\": [{\"Mean\": 2959.4}]}, \"mark\": {\"type\": \"rule\", \"color\": \"red\"}, \"encoding\": {\"size\": {\"value\": 3}, \"tooltip\": [{\"type\": \"quantitative\", \"field\": \"Mean\"}], \"x\": {\"type\": \"quantitative\", \"axis\": {\"title\": \"Elevation\"}, \"field\": \"Mean\"}}}], \"title\": \"Elevation Histogram\", \"$schema\": \"https://vega.github.io/schema/vega-lite/v2.4.3.json\"};\n",
       "var opt = {};\n",
       "var selector = \"#36f236a7-2471-4c37-aa53-aa7e01e844eb\";\n",
       "var type = \"vega-lite\";\n",
       "\n",
       "var output_area = this;\n",
       "\n",
       "require(['nbextensions/jupyter-vega/index'], function(vega) {\n",
       "  vega.render(selector, spec, type, opt, output_area);\n",
       "}, function (err) {\n",
       "  if (err.requireType !== 'scripterror') {\n",
       "    throw(err);\n",
       "  }\n",
       "});\n"
      ]
     },
     "metadata": {
      "jupyter-vega": "#36f236a7-2471-4c37-aa53-aa7e01e844eb"
     },
     "output_type": "display_data"
    },
    {
     "data": {
      "text/plain": []
     },
     "execution_count": 88,
     "metadata": {},
     "output_type": "execute_result"
    },
    {
     "data": {
